0
0
-1
3
3
3
-10
-10
-10
2
2
2
11
11
10
-7
-7
-7
-7
-8
-9
-1
-2
-2
138
110
103
0
0
0
3
4
3
5
5
4
-12
-12
-14
1
1
1
-7
-7
-7
7
8
7
-3
-3
-3
2
2
3
6
6
6
-5
-5
-4
-6
-6
-6
-5
-6
-6
7
6
7
-5
-5
-5
1
1
1
126
132
15
-1
-1
-1
-1
-1
-1
0
1
0
10
10
8
2
7
-8
5
13
-7
-8
-1
70
2
7
10
-16
3
-8
12
-2
5
10
-3
-5
-5
11
-5
4
53
0
0
3
13
-2
-2
-2
4
4
4
-10
-11
-12
3
3
3
127
17
15
-8
-8
-8
-10
-10
-10
-3
-3
-3
143
100
85
-1
-1
-1
6
4
6
7
7
6
-17
-12
-16
1
0
0
-9
-10
-10
11
9
9
-3
-4
-4
3
4
3
7
8
7
-5
-4
-4
-6
-6
-7
-5
-5
-5
8
8
8
-5
-5
-5
2
1
1
125
122
88
-2
-2
-3
-3
-3
-3
0
0
-1
13
12
14
1
5
-5
4
13
-4
-5
-1
65
1
7
7
-9
3
-5
11
-1
5
8
-2
-3
-2
10
-2
4
58
1
1
2
13
14
15
12
14
16
12
12
13
NA
14
15
15
11
14
12
16
13
14
15
13
13
13
15
13
14
NA
13
13
14
16
3
10
-5
8
18
-2
-3
1
27
4
14
15
-7
6
-3
17
1
8
15
1
-2
-2
16
0
6
19
3
3
5
17
13
15
12
14
16
12
12
13
NA
13
15
15
11
14
12
15
13
14
15
13
12
12
15
12
14
17
13
13
14
16
11
13
-3
13
18
6
-2
9
22
11
14
14
-13
12
5
18
8
13
14
7
6
6
17
7
12
19
11
9
11
18